tensor([[[ 13.4950,  -4.5317,  -1.9453],
         [ 13.5066,  -2.6511,  -1.9453],
         [  9.6210,  -2.6271,  -1.9453],
         [  9.6094,  -4.5078,  -1.9453],
         [ 13.4950,  -4.5317,  -0.0663],
         [ 13.5066,  -2.6511,  -0.0663],
         [  9.6210,  -2.6271,  -0.0663],
         [  9.6094,  -4.5078,  -0.0663]],

        [[  1.1465,  -4.4581,  -1.9430],
         [  1.1501,  -2.6342,  -1.9430],
         [ -2.5794,  -2.6269,  -1.9430],
         [ -2.5830,  -4.4507,  -1.9430],
         [  1.1465,  -4.4581,  -0.4103],
         [  1.1501,  -2.6342,  -0.4103],
         [ -2.5794,  -2.6269,  -0.4103],
         [ -2.5830,  -4.4507,  -0.4103]],

        [[  9.8705, -15.7236,  -1.9560],
         [ 10.2046, -13.6281,  -1.9560],
         [  5.3307, -12.8510,  -1.9560],
         [  4.9966, -14.9465,  -1.9560],
         [  9.8705, -15.7236,  -0.4165],
         [ 10.2046, -13.6281,  -0.4165],
         [  5.3307, -12.8510,  -0.4165],
         [  4.9966, -14.9465,  -0.4165]],

        [[ 12.7272,  -0.2682,  -1.9326],
         [ 12.5054,   1.6641,  -1.9326],
         [  8.4700,   1.2010,  -1.9326],
         [  8.6918,  -0.7313,  -1.9326],
         [ 12.7272,  -0.2682,  -0.5120],
         [ 12.5054,   1.6641,  -0.5120],
         [  8.4700,   1.2010,  -0.5120],
         [  8.6918,  -0.7313,  -0.5120]],

        [[ 49.1060, -11.4134,  -1.9763],
         [ 49.1056,  -9.4358,  -1.9763],
         [ 44.7054,  -9.4367,  -1.9763],
         [ 44.7058, -11.4143,  -1.9763],
         [ 49.1060, -11.4134,  -0.5611],
         [ 49.1056,  -9.4358,  -0.5611],
         [ 44.7054,  -9.4367,  -0.5611],
         [ 44.7058, -11.4143,  -0.5611]],

        [[ -5.7658,  -7.5670,  -1.9414],
         [ -5.4466,  -5.6464,  -1.9414],
         [ -9.4883,  -4.9745,  -1.9414],
         [ -9.8076,  -6.8951,  -1.9414],
         [ -5.7658,  -7.5670,  -0.5531],
         [ -5.4466,  -5.6464,  -0.5531],
         [ -9.4883,  -4.9745,  -0.5531],
         [ -9.8076,  -6.8951,  -0.5531]],

        [[ 20.8184,   2.4673,  -1.8885],
         [ 18.9273,   2.4446,  -1.8885],
         [ 18.9753,  -1.5555,  -1.8885],
         [ 20.8663,  -1.5328,  -1.8885],
         [ 20.8184,   2.4673,  -0.4603],
         [ 18.9273,   2.4446,  -0.4603],
         [ 18.9753,  -1.5555,  -0.4603],
         [ 20.8663,  -1.5328,  -0.4603]],

        [[ 26.3893,  -0.1591,  -1.9650],
         [ 24.4581,   0.2511,  -1.9650],
         [ 23.5357,  -4.0920,  -1.9650],
         [ 25.4668,  -4.5022,  -1.9650],
         [ 26.3893,  -0.1591,  -0.4768],
         [ 24.4581,   0.2511,  -0.4768],
         [ 23.5357,  -4.0920,  -0.4768],
         [ 25.4668,  -4.5022,  -0.4768]],

        [[-13.4415,  -3.9973,  -1.9374],
         [-13.4330,  -1.9035,  -1.9374],
         [-18.4105,  -1.8833,  -1.9374],
         [-18.4190,  -3.9771,  -1.9374],
         [-13.4415,  -3.9973,  -0.3883],
         [-13.4330,  -1.9035,  -0.3883],
         [-18.4105,  -1.8833,  -0.3883],
         [-18.4190,  -3.9771,  -0.3883]],

        [[-10.6504,  -0.6481,  -1.8936],
         [-10.6456,   1.3688,  -1.8936],
         [-15.3022,   1.3800,  -1.8936],
         [-15.3071,  -0.6369,  -1.8936],
         [-10.6504,  -0.6481,  -0.1375],
         [-10.6456,   1.3688,  -0.1375],
         [-15.3022,   1.3800,  -0.1375],
         [-15.3071,  -0.6369,  -0.1375]],

        [[ 46.8916,  -7.6493,  -1.9556],
         [ 46.9291,  -5.6501,  -1.9556],
         [ 42.3466,  -5.5641,  -1.9556],
         [ 42.3091,  -7.5633,  -1.9556],
         [ 46.8916,  -7.6493,  -0.4939],
         [ 46.9291,  -5.6501,  -0.4939],
         [ 42.3466,  -5.5641,  -0.4939],
         [ 42.3091,  -7.5633,  -0.4939]],

        [[-16.1846, -10.8468,  -1.9068],
         [-16.0974,  -8.8052,  -1.9068],
         [-20.8164,  -8.6037,  -1.9068],
         [-20.9036, -10.6454,  -1.9068],
         [-16.1846, -10.8468,  -0.1632],
         [-16.0974,  -8.8052,  -0.1632],
         [-20.8164,  -8.6037,  -0.1632],
         [-20.9036, -10.6454,  -0.1632]],

        [[  3.6378,  -8.1734,  -1.9493],
         [  3.6528,  -6.2889,  -1.9493],
         [ -0.1784,  -6.2583,  -1.9493],
         [ -0.1934,  -8.1427,  -1.9493],
         [  3.6378,  -8.1734,  -0.3930],
         [  3.6528,  -6.2889,  -0.3930],
         [ -0.1784,  -6.2583,  -0.3930],
         [ -0.1934,  -8.1427,  -0.3930]],

        [[ 53.9069,  -8.6427,  -1.8442],
         [ 53.9085,  -6.6848,  -1.8442],
         [ 49.4301,  -6.6812,  -1.8442],
         [ 49.4285,  -8.6392,  -1.8442],
         [ 53.9069,  -8.6427,  -0.3113],
         [ 53.9085,  -6.6848,  -0.3113],
         [ 49.4301,  -6.6812,  -0.3113],
         [ 49.4285,  -8.6392,  -0.3113]],

        [[ 54.3584, -14.3970,  -1.9991],
         [ 54.3510, -12.4135,  -1.9991],
         [ 49.4947, -12.4317,  -1.9991],
         [ 49.5021, -14.4153,  -1.9991],
         [ 54.3584, -14.3970,  -0.6141],
         [ 54.3510, -12.4135,  -0.6141],
         [ 49.4947, -12.4317,  -0.6141],
         [ 49.5021, -14.4153,  -0.6141]],

        [[ 27.2943, -18.6788,  -2.0415],
         [ 25.9621, -17.2061,  -2.0415],
         [ 22.8150, -20.0532,  -2.0415],
         [ 24.1472, -21.5258,  -2.0415],
         [ 27.2943, -18.6788,  -0.5886],
         [ 25.9621, -17.2061,  -0.5886],
         [ 22.8150, -20.0532,  -0.5886],
         [ 24.1472, -21.5258,  -0.5886]],

        [[ 37.2836,  -7.0981,  -1.9805],
         [ 37.2990,  -5.2344,  -1.9805],
         [ 33.4647,  -5.2026,  -1.9805],
         [ 33.4493,  -7.0663,  -1.9805],
         [ 37.2836,  -7.0981,  -0.4992],
         [ 37.2990,  -5.2344,  -0.4992],
         [ 33.4647,  -5.2026,  -0.4992],
         [ 33.4493,  -7.0663,  -0.4992]],

        [[-23.7221,  -0.3323,  -1.8112],
         [-23.7211,   1.6060,  -1.8112],
         [-27.9787,   1.6083,  -1.8112],
         [-27.9798,  -0.3300,  -1.8112],
         [-23.7221,  -0.3323,  -0.3083],
         [-23.7211,   1.6060,  -0.3083],
         [-27.9787,   1.6083,  -0.3083],
         [-27.9798,  -0.3300,  -0.3083]],

        [[  2.9702,  -1.0267,  -1.9294],
         [  2.9592,   1.1017,  -1.9294],
         [ -2.0230,   1.0760,  -1.9294],
         [ -2.0120,  -1.0524,  -1.9294],
         [  2.9702,  -1.0267,  -0.4079],
         [  2.9592,   1.1017,  -0.4079],
         [ -2.0230,   1.0760,  -0.4079],
         [ -2.0120,  -1.0524,  -0.4079]],

        [[ 14.6776, -11.3553,  -1.9718],
         [ 15.5265,  -9.7221,  -1.9718],
         [ 12.2799,  -8.0345,  -1.9718],
         [ 11.4310,  -9.6677,  -1.9718],
         [ 14.6776, -11.3553,  -0.4458],
         [ 15.5265,  -9.7221,  -0.4458],
         [ 12.2799,  -8.0345,  -0.4458],
         [ 11.4310,  -9.6677,  -0.4458]],

        [[-13.8856,  13.8562,  -1.8378],
         [-15.9755,  13.8250,  -1.8378],
         [-15.8984,   8.6675,  -1.8378],
         [-13.8086,   8.6987,  -1.8378],
         [-13.8856,  13.8562,  -0.3478],
         [-15.9755,  13.8250,  -0.3478],
         [-15.8984,   8.6675,  -0.3478],
         [-13.8086,   8.6987,  -0.3478]],

        [[ 58.1053,  -7.8347,  -1.9533],
         [ 58.0439,  -5.8122,  -1.9533],
         [ 52.9478,  -5.9668,  -1.9533],
         [ 53.0092,  -7.9893,  -1.9533],
         [ 58.1053,  -7.8347,  -0.5684],
         [ 58.0439,  -5.8122,  -0.5684],
         [ 52.9478,  -5.9668,  -0.5684],
         [ 53.0092,  -7.9893,  -0.5684]]], device='cuda:0')
